key;index                                                                                                                                                                                              
1;1                                                                                                                                                                                                    
2;2                                                                                                                                                                                                    
3;3                                                                                                                                                                                                    
4;4                                                                                                                                                                                                    
5;5                                                                                                                                                                                                    
6;6                                                                                                                                                                                                    
7;7                                                                                                                                                                                                    
8;8                                                                                                                                                                                                    
9;9                                                                                                                                                                                                    
10;10                                                                                                                                                                                                  
11;11                                                                                                                                                                                                  
12;12                                                                                                                                                                                                  
13;13                                                                                                                                                                                                  
14;14                                                                                                                                                                                                  
15;15                                                                                                                                                                                                  
16;16                                                                                                                                                                                                  
17;17                                                                                                                                                                                                  
18;18                                                                                                                                                                                                  
19;19                                                                                                                                                                                                  
20;20                                                                                                                                                                                                  
21;21                                                                                                                                                                                                  
22;22                                                                                                                                                                                                  
23;23                                                                                                                                                                                                  
24;24                                                                                                                                                                                                  
25;25                                                                                                                                                                                                  
26;26                                                                                                                                                                                                  
27;27                                                                                                                                                                                                  
28;28                                                                                                                                                                                                  
29;29                                                                                                                                                                                                  
30;30                                                                                                                                                                                                  
31;31                                                                                                                                                                                                  
32;32                                                                                                                                                                                                  
33;33                                                                                                                                                                                                  
34;34                                                                                                                                                                                                  
35;35                                                                                                                                                                                                  
36;36                                                                                                                                                                                                  
37;37                                                                                                                                                                                                  
38;38                                                                                                                                                                                                  
39;39                                                                                                                                                                                                  
40;40                                                                                                                                                                                                  
41;41                                                                                                                                                                                                  
42;42                                                                                                                                                                                                  
43;43                                                                                                                                                                                                  
44;44                                                                                                                                                                                                  
45;45                                                                                                                                                                                                  
46;46                                                                                                                                                                                                  
47;47                                                                                                                                                                                                  
48;48                                                                                                                                                                                                  
49;49                                                                                                                                                                                                  
50;50                                                                                                                                                                                                  
51;51                                                                                                                                                                                                  
52;52                                                                                                                                                                                                  
53;53                                                                                                                                                                                                  
54;54                                                                                                                                                                                                  
55;55                                                                                                                                                                                                  
56;56                                                                                                                                                                                                  
57;57                                                                                                                                                                                                  
58;58                                                                                                                                                                                                  
59;59                                                                                                                                                                                                  
60;60                                                                                                                                                                                                  
61;61                                                                                                                                                                                                  
62;62                                                                                                                                                                                                  
63;63                                                                                                                                                                                                  
64;64                                                                                                                                                                                                  
65;65                                                                                                                                                                                                  
66;66                                                                                                                                                                                                  
67;67                                                                                                                                                                                                  
68;68                                                                                                                                                                                                  
69;69                                                                                                                                                                                                  
70;70                                                                                                                                                                                                  
71;71                                                                                                                                                                                                  
72;72                                                                                                                                                                                                  
73;73                                                                                                                                                                                                  
74;74                                                                                                                                                                                                  
75;75                                                                                                                                                                                                  
76;76                                                                                                                                                                                                  
77;77                                                                                                                                                                                                  
78;78                                                                                                                                                                                                  
79;79                                                                                                                                                                                                  
80;80                                                                                                                                                                                                  
81;81                                                                                                                                                                                                  
82;82                                                                                                                                                                                                  
83;83                                                                                                                                                                                                  
84;84                                                                                                                                                                                                  
85;85                                                                                                                                                                                                  
86;86                                                                                                                                                                                                  
87;87                                                                                                                                                                                                  
88;88                                                                                                                                                                                                  
89;89                                                                                                                                                                                                  
90;90                                                                                                                                                                                                  
91;91                                                                                                                                                                                                  
92;92                                                                                                                                                                                                  
93;93                                                                                                                                                                                                  
94;94                                                                                                                                                                                                  
95;95                                                                                                                                                                                                  
96;96                                                                                                                                                                                                  
97;97                                                                                                                                                                                                  
98;98                                                                                                                                                                                                  
99;99                                                                                                                                                                                                  
100;100                                                                                                                                                                                                
101;101                                                                                                                                                                                                
102;102                                                                                                                                                                                                
103;103                                                                                                                                                                                                
104;104                                                                                                                                                                                                
105;105                                                                                                                                                                                                
106;106                                                                                                                                                                                                
107;107                                                                                                                                                                                                
108;108                                                                                                                                                                                                
109;109                                                                                                                                                                                                
110;110                                                                                                                                                                                                
111;111                                                                                                                                                                                                
112;112                                                                                                                                                                                                
113;113                                                                                                                                                                                                
114;114                                                                                                                                                                                                
115;115                                                                                                                                                                                                
116;116                                                                                                                                                                                                
117;117                                                                                                                                                                                                
118;118                                                                                                                                                                                                
119;119                                                                                                                                                                                                
120;120                                                                                                                                                                                                
121;121                                                                                                                                                                                                
122;122                                                                                                                                                                                                
123;123                                                                                                                                                                                                
124;124                                                                                                                                                                                                
125;125                                                                                                                                                                                                
126;126                                                                                                                                                                                                
127;127                                                                                                                                                                                                
128;128                                                                                                                                                                                                
129;129                                                                                                                                                                                                
130;130                                                                                                                                                                                                
131;131                                                                                                                                                                                                
132;132                                                                                                                                                                                                
133;133                                                                                                                                                                                                
134;134                                                                                                                                                                                                
135;135                                                                                                                                                                                                
136;136                                                                                                                                                                                                
137;137                                                                                                                                                                                                
138;138                                                                                                                                                                                                
139;139                                                                                                                                                                                                
140;140                                                                                                                                                                                                
141;141                                                                                                                                                                                                
142;142                                                                                                                                                                                                
143;143                                                                                                                                                                                                
144;144                                                                                                                                                                                                
145;145                                                                                                                                                                                                
146;146                                                                                                                                                                                                
147;147                                                                                                                                                                                                
148;148                                                                                                                                                                                                
149;149                                                                                                                                                                                                
150;150                                                                                                                                                                                                
151;151                                                                                                                                                                                                
152;152                                                                                                                                                                                                
153;153                                                                                                                                                                                                
154;154                                                                                                                                                                                                
155;155                                                                                                                                                                                                
156;156                                                                                                                                                                                                
157;157                                                                                                                                                                                                
158;158                                                                                                                                                                                                
159;159                                                                                                                                                                                                
160;160                                                                                                                                                                                                
161;161                                                                                                                                                                                                
162;162                                                                                                                                                                                                
163;163                                                                                                                                                                                                
164;164                                                                                                                                                                                                
165;165                                                                                                                                                                                                
166;166                                                                                                                                                                                                
167;167                                                                                                                                                                                                
168;168                                                                                                                                                                                                
169;169                                                                                                                                                                                                
170;170                                                                                                                                                                                                
171;171                                                                                                                                                                                                
172;172                                                                                                                                                                                                
173;173                                                                                                                                                                                                
174;174                                                                                                                                                                                                
175;175                                                                                                                                                                                                
176;176                                                                                                                                                                                                
177;177                                                                                                                                                                                                
178;178                                                                                                                                                                                                
179;179                                                                                                                                                                                                
180;180                                                                                                                                                                                                
181;181                                                                                                                                                                                                
182;182                                                                                                                                                                                                
183;183                                                                                                                                                                                                
184;184                                                                                                                                                                                                
185;185                                                                                                                                                                                                
186;186                                                                                                                                                                                                
187;187                                                                                                                                                                                                
188;188                                                                                                                                                                                                
190;189                                                                                                                                                                                                
191;190                                                                                                                                                                                                
192;191                                                                                                                                                                                                
193;192                                                                                                                                                                                                
194;193                                                                                                                                                                                                
196;194                                                                                                                                                                                                
197;195                                                                                                                                                                                                
198;196                                                                                                                                                                                                
199;197                                                                                                                                                                                                
200;198                                                                                                                                                                                                
201;199                                                                                                                                                                                                
202;200                                                                                                                                                                                                
203;201                                                                                                                                                                                                
204;202                                                                                                                                                                                                
205;203                                                                                                                                                                                                
206;204                                                                                                                                                                                                
207;205                                                                                                                                                                                                
208;206                                                                                                                                                                                                
209;207                                                                                                                                                                                                
210;208                                                                                                                                                                                                
211;209                                                                                                                                                                                                
212;210                                                                                                                                                                                                
213;211                                                                                                                                                                                                
214;212                                                                                                                                                                                                
215;213                                                                                                                                                                                                
216;214                                                                                                                                                                                                
217;215                                                                                                                                                                                                
218;216                                                                                                                                                                                                
219;217                                                                                                                                                                                                
220;218                                                                                                                                                                                                
221;219                                                                                                                                                                                                
222;220                                                                                                                                                                                                
223;221                                                                                                                                                                                                
224;222                                                                                                                                                                                                
225;223                                                                                                                                                                                                
226;224                                                                                                                                                                                                
227;225                                                                                                                                                                                                
228;226                                                                                                                                                                                                
229;227                                                                                                                                                                                                
230;228                                                                                                                                                                                                
231;229                                                                                                                                                                                                
232;230                                                                                                                                                                                                
233;231                                                                                                                                                                                                
234;232                                                                                                                                                                                                
235;233                                                                                                                                                                                                
236;234                                                                                                                                                                                                
238;235                                                                                                                                                                                                
239;236                                                                                                                                                                                                
240;237                                                                                                                                                                                                
241;238                                                                                                                                                                                                
242;239                                                                                                                                                                                                
243;240                                                                                                                                                                                                
244;241                                                                                                                                                                                                
245;242                                                                                                                                                                                                
246;243                                                                                                                                                                                                
247;244                                                                                                                                                                                                
248;245                                                                                                                                                                                                
249;246                                                                                                                                                                                                
250;247                                                                                                                                                                                                
251;248                                                                                                                                                                                                
252;249                                                                                                                                                                                                
253;250                                                                                                                                                                                                
254;251                                                                                                                                                                                                
255;252                                                                                                                                                                                                
257;253                                                                                                                                                                                                
258;254                                                                                                                                                                                                
259;255                                                                                                                                                                                                
260;256                                                                                                                                                                                                
261;257                                                                                                                                                                                                
262;258                                                                                                                                                                                                
263;259                                                                                                                                                                                                
264;260                                                                                                                                                                                                
265;261                                                                                                                                                                                                
266;262                                                                                                                                                                                                
267;263                                                                                                                                                                                                
268;264                                                                                                                                                                                                
269;265                                                                                                                                                                                                
270;266                                                                                                                                                                                                
271;267                                                                                                                                                                                                
272;268                                                                                                                                                                                                
273;269                                                                                                                                                                                                
274;270                                                                                                                                                                                                
275;271                                                                                                                                                                                                
276;272                                                                                                                                                                                                
277;273                                                                                                                                                                                                
278;274                                                                                                                                                                                                
279;275                                                                                                                                                                                                
280;276                                                                                                                                                                                                
281;277                                                                                                                                                                                                
282;278                                                                                                                                                                                                
283;279                                                                                                                                                                                                
284;280                                                                                                                                                                                                
285;281                                                                                                                                                                                                
286;282                                                                                                                                                                                                
287;283                                                                                                                                                                                                
288;284                                                                                                                                                                                                
290;285                                                                                                                                                                                                
291;286                                                                                                                                                                                                
292;287                                                                                                                                                                                                
294;288                                                                                                                                                                                                
295;289                                                                                                                                                                                                
296;290                                                                                                                                                                                                
297;291                                                                                                                                                                                                
298;292                                                                                                                                                                                                
299;293                                                                                                                                                                                                
300;294                                                                                                                                                                                                
301;295                                                                                                                                                                                                
302;296                                                                                                                                                                                                
303;297                                                                                                                                                                                                
304;298                                                                                                                                                                                                
305;299                                                                                                                                                                                                
306;300                                                                                                                                                                                                
307;301                                                                                                                                                                                                
308;302                                                                                                                                                                                                
309;303                                                                                                                                                                                                
310;304                                                                                                                                                                                                
311;305                                                                                                                                                                                                
312;306                                                                                                                                                                                                
313;307                                                                                                                                                                                                
315;308                                                                                                                                                                                                
316;309                                                                                                                                                                                                
317;310                                                                                                                                                                                                
318;311                                                                                                                                                                                                
319;312                                                                                                                                                                                                
320;313                                                                                                                                                                                                
321;314                                                                                                                                                                                                
322;315                                                                                                                                                                                                
323;316                                                                                                                                                                                                
324;317                                                                                                                                                                                                
325;318                                                                                                                                                                                                
326;319                                                                                                                                                                                                
327;320                                                                                                                                                                                                
328;321                                                                                                                                                                                                
329;322                                                                                                                                                                                                
330;323                                                                                                                                                                                                
331;324                                                                                                                                                                                                
332;325                                                                                                                                                                                                
334;326                                                                                                                                                                                                
335;327                                                                                                                                                                                                
336;328                                                                                                                                                                                                
337;329                                                                                                                                                                                                
338;330                                                                                                                                                                                                
339;331                                                                                                                                                                                                
340;332                                                                                                                                                                                                
341;333                                                                                                                                                                                                
342;334                                                                                                                                                                                                
343;335                                                                                                                                                                                                
344;336                                                                                                                                                                                                
345;337                                                                                                                                                                                                
346;338                                                                                                                                                                                                
347;339                                                                                                                                                                                                
348;340                                                                                                                                                                                                
349;341                                                                                                                                                                                                
350;342                                                                                                                                                                                                
351;343                                                                                                                                                                                                
352;344                                                                                                                                                                                                
353;345                                                                                                                                                                                                
354;346                                                                                                                                                                                                
355;347                                                                                                                                                                                                
357;348                                                                                                                                                                                                
358;349                                                                                                                                                                                                
359;350                                                                                                                                                                                                
360;351                                                                                                                                                                                                
361;352                                                                                                                                                                                                
362;353                                                                                                                                                                                                
363;354                                                                                                                                                                                                
364;355                                                                                                                                                                                                
365;356                                                                                                                                                                                                
366;357                                                                                                                                                                                                
367;358                                                                                                                                                                                                
368;359                                                                                                                                                                                                
369;360                                                                                                                                                                                                
370;361                                                                                                                                                                                                
371;362                                                                                                                                                                                                
372;363                                                                                                                                                                                                
373;364                                                                                                                                                                                                
374;365                                                                                                                                                                                                
375;366                                                                                                                                                                                                
376;367                                                                                                                                                                                                
377;368                                                                                                                                                                                                
378;369                                                                                                                                                                                                
379;370                                                                                                                                                                                                
380;371                                                                                                                                                                                                
381;372                                                                                                                                                                                                
382;373                                                                                                                                                                                                
383;374                                                                                                                                                                                                
384;375                                                                                                                                                                                                
385;376                                                                                                                                                                                                
386;377                                                                                                                                                                                                
387;378                                                                                                                                                                                                
388;379                                                                                                                                                                                                
389;380                                                                                                                                                                                                
391;381                                                                                                                                                                                                
392;382                                                                                                                                                                                                
393;383                                                                                                                                                                                                
394;384                                                                                                                                                                                                
395;385                                                                                                                                                                                                
396;386                                                                                                                                                                                                
397;387                                                                                                                                                                                                
398;388                                                                                                                                                                                                
399;389                                                                                                                                                                                                
400;390                                                                                                                                                                                                
401;391                                                                                                                                                                                                
402;392                                                                                                                                                                                                
403;393                                                                                                                                                                                                
404;394                                                                                                                                                                                                
405;395                                                                                                                                                                                                
406;396                                                                                                                                                                                                
407;397                                                                                                                                                                                                
408;398                                                                                                                                                                                                
409;399                                                                                                                                                                                                
410;400                                                                                                                                                                                                
411;401                                                                                                                                                                                                
412;402                                                                                                                                                                                                
413;403                                                                                                                                                                                                
414;404                                                                                                                                                                                                
415;405                                                                                                                                                                                                
416;406                                                                                                                                                                                                
417;407                                                                                                                                                                                                
418;408                                                                                                                                                                                                
419;409                                                                                                                                                                                                
420;410                                                                                                                                                                                                
421;411                                                                                                                                                                                                
422;412                                                                                                                                                                                                
423;413                                                                                                                                                                                                
424;414                                                                                                                                                                                                
425;415                                                                                                                                                                                                
426;416                                                                                                                                                                                                
427;417                                                                                                                                                                                                
428;418                                                                                                                                                                                                
429;419                                                                                                                                                                                                
431;420                                                                                                                                                                                                
432;421                                                                                                                                                                                                
433;422                                                                                                                                                                                                
434;423                                                                                                                                                                                                
435;424                                                                                                                                                                                                
437;425                                                                                                                                                                                                
438;426                                                                                                                                                                                                
439;427                                                                                                                                                                                                
440;428                                                                                                                                                                                                
442;429                                                                                                                                                                                                
443;430                                                                                                                                                                                                
444;431                                                                                                                                                                                                
445;432                                                                                                                                                                                                
446;433                                                                                                                                                                                                
447;434                                                                                                                                                                                                
448;435                                                                                                                                                                                                
449;436                                                                                                                                                                                                
450;437                                                                                                                                                                                                
451;438                                                                                                                                                                                                
452;439                                                                                                                                                                                                
455;440                                                                                                                                                                                                
456;441                                                                                                                                                                                                
457;442                                                                                                                                                                                                
458;443                                                                                                                                                                                                
459;444                                                                                                                                                                                                
460;445                                                                                                                                                                                                
461;446                                                                                                                                                                                                
462;447                                                                                                                                                                                                
464;448                                                                                                                                                                                                
465;449                                                                                                                                                                                                
466;450                                                                                                                                                                                                
467;451                                                                                                                                                                                                
468;452                                                                                                                                                                                                
469;453                                                                                                                                                                                                
470;454                                                                                                                                                                                                
471;455                                                                                                                                                                                                
472;456                                                                                                                                                                                                
473;457                                                                                                                                                                                                
474;458                                                                                                                                                                                                
475;459                                                                                                                                                                                                
476;460                                                                                                                                                                                                
477;461                                                                                                                                                                                                
478;462                                                                                                                                                                                                
479;463                                                                                                                                                                                                
480;464                                                                                                                                                                                                
481;465                                                                                                                                                                                                
482;466                                                                                                                                                                                                
483;467                                                                                                                                                                                                
484;468                                                                                                                                                                                                
485;469                                                                                                                                                                                                
486;470                                                                                                                                                                                                
487;471                                                                                                                                                                                                
488;472                                                                                                                                                                                                
489;473                                                                                                                                                                                                
490;474                                                                                                                                                                                                
491;475                                                                                                                                                                                                
492;476                                                                                                                                                                                                
493;477                                                                                                                                                                                                
494;478                                                                                                                                                                                                
495;479                                                                                                                                                                                                
496;480                                                                                                                                                                                                
497;481                                                                                                                                                                                                
498;482                                                                                                                                                                                                
499;483                                                                                                                                                                                                
500;484                                                                                                                                                                                                
