key;index                                                                                                                                                                                              
1;1                                                                                                                                                                                                    
2;2                                                                                                                                                                                                    
3;3                                                                                                                                                                                                    
4;4                                                                                                                                                                                                    
5;5                                                                                                                                                                                                    
6;6                                                                                                                                                                                                    
7;7                                                                                                                                                                                                    
8;8                                                                                                                                                                                                    
9;9                                                                                                                                                                                                    
10;10                                                                                                                                                                                                  
11;11                                                                                                                                                                                                  
12;12                                                                                                                                                                                                  
13;13                                                                                                                                                                                                  
14;14                                                                                                                                                                                                  
15;15                                                                                                                                                                                                  
17;16                                                                                                                                                                                                  
18;17                                                                                                                                                                                                  
19;18                                                                                                                                                                                                  
20;19                                                                                                                                                                                                  
21;20                                                                                                                                                                                                  
22;21                                                                                                                                                                                                  
23;22                                                                                                                                                                                                  
24;23                                                                                                                                                                                                  
25;24                                                                                                                                                                                                  
26;25                                                                                                                                                                                                  
27;26                                                                                                                                                                                                  
28;27                                                                                                                                                                                                  
29;28                                                                                                                                                                                                  
30;29                                                                                                                                                                                                  
31;30                                                                                                                                                                                                  
32;31                                                                                                                                                                                                  
33;32                                                                                                                                                                                                  
34;33                                                                                                                                                                                                  
35;34                                                                                                                                                                                                  
36;35                                                                                                                                                                                                  
37;36                                                                                                                                                                                                  
38;37                                                                                                                                                                                                  
39;38                                                                                                                                                                                                  
40;39                                                                                                                                                                                                  
41;40                                                                                                                                                                                                  
42;41                                                                                                                                                                                                  
43;42                                                                                                                                                                                                  
44;43                                                                                                                                                                                                  
45;44                                                                                                                                                                                                  
46;45                                                                                                                                                                                                  
47;46                                                                                                                                                                                                  
48;47                                                                                                                                                                                                  
49;48                                                                                                                                                                                                  
50;49                                                                                                                                                                                                  
51;50                                                                                                                                                                                                  
52;51                                                                                                                                                                                                  
53;52                                                                                                                                                                                                  
54;53                                                                                                                                                                                                  
55;54                                                                                                                                                                                                  
56;55                                                                                                                                                                                                  
57;56                                                                                                                                                                                                  
58;57                                                                                                                                                                                                  
59;58                                                                                                                                                                                                  
60;59                                                                                                                                                                                                  
61;60                                                                                                                                                                                                  
62;61                                                                                                                                                                                                  
63;62                                                                                                                                                                                                  
64;63                                                                                                                                                                                                  
65;64                                                                                                                                                                                                  
66;65                                                                                                                                                                                                  
67;66                                                                                                                                                                                                  
68;67                                                                                                                                                                                                  
69;68                                                                                                                                                                                                  
70;69                                                                                                                                                                                                  
71;70                                                                                                                                                                                                  
72;71                                                                                                                                                                                                  
73;72                                                                                                                                                                                                  
74;73                                                                                                                                                                                                  
75;74                                                                                                                                                                                                  
76;75                                                                                                                                                                                                  
77;76                                                                                                                                                                                                  
78;77                                                                                                                                                                                                  
79;78                                                                                                                                                                                                  
80;79                                                                                                                                                                                                  
81;80                                                                                                                                                                                                  
82;81                                                                                                                                                                                                  
83;82                                                                                                                                                                                                  
85;83                                                                                                                                                                                                  
86;84                                                                                                                                                                                                  
87;85                                                                                                                                                                                                  
88;86                                                                                                                                                                                                  
89;87                                                                                                                                                                                                  
90;88                                                                                                                                                                                                  
91;89                                                                                                                                                                                                  
92;90                                                                                                                                                                                                  
93;91                                                                                                                                                                                                  
94;92                                                                                                                                                                                                  
95;93                                                                                                                                                                                                  
96;94                                                                                                                                                                                                  
97;95                                                                                                                                                                                                  
98;96                                                                                                                                                                                                  
99;97                                                                                                                                                                                                  
100;98                                                                                                                                                                                                 
101;99                                                                                                                                                                                                 
102;100                                                                                                                                                                                                
103;101                                                                                                                                                                                                
104;102                                                                                                                                                                                                
105;103                                                                                                                                                                                                
107;104                                                                                                                                                                                                
108;105                                                                                                                                                                                                
109;106                                                                                                                                                                                                
110;107                                                                                                                                                                                                
111;108                                                                                                                                                                                                
112;109                                                                                                                                                                                                
113;110                                                                                                                                                                                                
114;111                                                                                                                                                                                                
115;112                                                                                                                                                                                                
116;113                                                                                                                                                                                                
117;114                                                                                                                                                                                                
118;115                                                                                                                                                                                                
119;116                                                                                                                                                                                                
120;117                                                                                                                                                                                                
121;118                                                                                                                                                                                                
122;119                                                                                                                                                                                                
123;120                                                                                                                                                                                                
124;121                                                                                                                                                                                                
125;122                                                                                                                                                                                                
126;123                                                                                                                                                                                                
127;124                                                                                                                                                                                                
128;125                                                                                                                                                                                                
129;126                                                                                                                                                                                                
130;127                                                                                                                                                                                                
131;128                                                                                                                                                                                                
132;129                                                                                                                                                                                                
133;130                                                                                                                                                                                                
134;131                                                                                                                                                                                                
135;132                                                                                                                                                                                                
136;133                                                                                                                                                                                                
137;134                                                                                                                                                                                                
138;135                                                                                                                                                                                                
139;136                                                                                                                                                                                                
140;137                                                                                                                                                                                                
141;138                                                                                                                                                                                                
142;139                                                                                                                                                                                                
143;140                                                                                                                                                                                                
144;141                                                                                                                                                                                                
145;142                                                                                                                                                                                                
146;143                                                                                                                                                                                                
147;144                                                                                                                                                                                                
148;145                                                                                                                                                                                                
149;146                                                                                                                                                                                                
150;147                                                                                                                                                                                                
151;148                                                                                                                                                                                                
152;149                                                                                                                                                                                                
153;150                                                                                                                                                                                                
154;151                                                                                                                                                                                                
155;152                                                                                                                                                                                                
156;153                                                                                                                                                                                                
157;154                                                                                                                                                                                                
158;155                                                                                                                                                                                                
159;156                                                                                                                                                                                                
160;157                                                                                                                                                                                                
161;158                                                                                                                                                                                                
162;159                                                                                                                                                                                                
163;160                                                                                                                                                                                                
164;161                                                                                                                                                                                                
165;162                                                                                                                                                                                                
166;163                                                                                                                                                                                                
167;164                                                                                                                                                                                                
168;165                                                                                                                                                                                                
169;166                                                                                                                                                                                                
170;167                                                                                                                                                                                                
171;168                                                                                                                                                                                                
172;169                                                                                                                                                                                                
173;170                                                                                                                                                                                                
174;171                                                                                                                                                                                                
175;172                                                                                                                                                                                                
176;173                                                                                                                                                                                                
177;174                                                                                                                                                                                                
178;175                                                                                                                                                                                                
180;176                                                                                                                                                                                                
181;177                                                                                                                                                                                                
182;178                                                                                                                                                                                                
183;179                                                                                                                                                                                                
184;180                                                                                                                                                                                                
185;181                                                                                                                                                                                                
186;182                                                                                                                                                                                                
187;183                                                                                                                                                                                                
188;184                                                                                                                                                                                                
189;185                                                                                                                                                                                                
190;186                                                                                                                                                                                                
191;187                                                                                                                                                                                                
192;188                                                                                                                                                                                                
193;189                                                                                                                                                                                                
194;190                                                                                                                                                                                                
195;191                                                                                                                                                                                                
196;192                                                                                                                                                                                                
197;193                                                                                                                                                                                                
198;194                                                                                                                                                                                                
199;195                                                                                                                                                                                                
200;196                                                                                                                                                                                                
201;197                                                                                                                                                                                                
202;198                                                                                                                                                                                                
203;199                                                                                                                                                                                                
204;200                                                                                                                                                                                                
205;201                                                                                                                                                                                                
206;202                                                                                                                                                                                                
207;203                                                                                                                                                                                                
208;204                                                                                                                                                                                                
209;205                                                                                                                                                                                                
210;206                                                                                                                                                                                                
211;207                                                                                                                                                                                                
212;208                                                                                                                                                                                                
213;209                                                                                                                                                                                                
214;210                                                                                                                                                                                                
215;211                                                                                                                                                                                                
216;212                                                                                                                                                                                                
217;213                                                                                                                                                                                                
218;214                                                                                                                                                                                                
219;215                                                                                                                                                                                                
220;216                                                                                                                                                                                                
221;217                                                                                                                                                                                                
222;218                                                                                                                                                                                                
223;219                                                                                                                                                                                                
224;220                                                                                                                                                                                                
225;221                                                                                                                                                                                                
226;222                                                                                                                                                                                                
227;223                                                                                                                                                                                                
228;224                                                                                                                                                                                                
229;225                                                                                                                                                                                                
230;226                                                                                                                                                                                                
231;227                                                                                                                                                                                                
232;228                                                                                                                                                                                                
233;229                                                                                                                                                                                                
234;230                                                                                                                                                                                                
235;231                                                                                                                                                                                                
236;232                                                                                                                                                                                                
237;233                                                                                                                                                                                                
238;234                                                                                                                                                                                                
239;235                                                                                                                                                                                                
240;236                                                                                                                                                                                                
241;237                                                                                                                                                                                                
242;238                                                                                                                                                                                                
244;239                                                                                                                                                                                                
245;240                                                                                                                                                                                                
246;241                                                                                                                                                                                                
247;242                                                                                                                                                                                                
248;243                                                                                                                                                                                                
249;244                                                                                                                                                                                                
250;245                                                                                                                                                                                                
251;246                                                                                                                                                                                                
252;247                                                                                                                                                                                                
253;248                                                                                                                                                                                                
254;249                                                                                                                                                                                                
255;250                                                                                                                                                                                                
256;251                                                                                                                                                                                                
257;252                                                                                                                                                                                                
258;253                                                                                                                                                                                                
260;254                                                                                                                                                                                                
262;255                                                                                                                                                                                                
263;256                                                                                                                                                                                                
264;257                                                                                                                                                                                                
265;258                                                                                                                                                                                                
266;259                                                                                                                                                                                                
267;260                                                                                                                                                                                                
268;261                                                                                                                                                                                                
269;262                                                                                                                                                                                                
270;263                                                                                                                                                                                                
271;264                                                                                                                                                                                                
272;265                                                                                                                                                                                                
273;266                                                                                                                                                                                                
274;267                                                                                                                                                                                                
275;268                                                                                                                                                                                                
276;269                                                                                                                                                                                                
277;270                                                                                                                                                                                                
278;271                                                                                                                                                                                                
279;272                                                                                                                                                                                                
280;273                                                                                                                                                                                                
281;274                                                                                                                                                                                                
282;275                                                                                                                                                                                                
284;276                                                                                                                                                                                                
285;277                                                                                                                                                                                                
286;278                                                                                                                                                                                                
287;279                                                                                                                                                                                                
288;280                                                                                                                                                                                                
289;281                                                                                                                                                                                                
290;282                                                                                                                                                                                                
291;283                                                                                                                                                                                                
292;284                                                                                                                                                                                                
293;285                                                                                                                                                                                                
294;286                                                                                                                                                                                                
295;287                                                                                                                                                                                                
296;288                                                                                                                                                                                                
297;289                                                                                                                                                                                                
298;290                                                                                                                                                                                                
299;291                                                                                                                                                                                                
301;292                                                                                                                                                                                                
302;293                                                                                                                                                                                                
303;294                                                                                                                                                                                                
304;295                                                                                                                                                                                                
305;296                                                                                                                                                                                                
306;297                                                                                                                                                                                                
307;298                                                                                                                                                                                                
308;299                                                                                                                                                                                                
309;300                                                                                                                                                                                                
310;301                                                                                                                                                                                                
312;302                                                                                                                                                                                                
313;303                                                                                                                                                                                                
314;304                                                                                                                                                                                                
315;305                                                                                                                                                                                                
316;306                                                                                                                                                                                                
317;307                                                                                                                                                                                                
318;308                                                                                                                                                                                                
319;309                                                                                                                                                                                                
321;310                                                                                                                                                                                                
322;311                                                                                                                                                                                                
324;312                                                                                                                                                                                                
325;313                                                                                                                                                                                                
326;314                                                                                                                                                                                                
327;315                                                                                                                                                                                                
328;316                                                                                                                                                                                                
329;317                                                                                                                                                                                                
330;318                                                                                                                                                                                                
332;319                                                                                                                                                                                                
333;320                                                                                                                                                                                                
334;321                                                                                                                                                                                                
335;322                                                                                                                                                                                                
336;323                                                                                                                                                                                                
337;324                                                                                                                                                                                                
338;325                                                                                                                                                                                                
339;326                                                                                                                                                                                                
341;327                                                                                                                                                                                                
342;328                                                                                                                                                                                                
343;329                                                                                                                                                                                                
345;330                                                                                                                                                                                                
346;331                                                                                                                                                                                                
347;332                                                                                                                                                                                                
348;333                                                                                                                                                                                                
349;334                                                                                                                                                                                                
350;335                                                                                                                                                                                                
351;336                                                                                                                                                                                                
352;337                                                                                                                                                                                                
353;338                                                                                                                                                                                                
354;339                                                                                                                                                                                                
355;340                                                                                                                                                                                                
356;341                                                                                                                                                                                                
357;342                                                                                                                                                                                                
358;343                                                                                                                                                                                                
359;344                                                                                                                                                                                                
360;345                                                                                                                                                                                                
361;346                                                                                                                                                                                                
362;347                                                                                                                                                                                                
363;348                                                                                                                                                                                                
364;349                                                                                                                                                                                                
365;350                                                                                                                                                                                                
366;351                                                                                                                                                                                                
367;352                                                                                                                                                                                                
368;353                                                                                                                                                                                                
369;354                                                                                                                                                                                                
370;355                                                                                                                                                                                                
371;356                                                                                                                                                                                                
372;357                                                                                                                                                                                                
373;358                                                                                                                                                                                                
374;359                                                                                                                                                                                                
375;360                                                                                                                                                                                                
376;361                                                                                                                                                                                                
377;362                                                                                                                                                                                                
379;363                                                                                                                                                                                                
380;364                                                                                                                                                                                                
382;365                                                                                                                                                                                                
383;366                                                                                                                                                                                                
384;367                                                                                                                                                                                                
385;368                                                                                                                                                                                                
386;369                                                                                                                                                                                                
387;370                                                                                                                                                                                                
388;371                                                                                                                                                                                                
389;372                                                                                                                                                                                                
390;373                                                                                                                                                                                                
391;374                                                                                                                                                                                                
392;375                                                                                                                                                                                                
393;376                                                                                                                                                                                                
394;377                                                                                                                                                                                                
395;378                                                                                                                                                                                                
397;379                                                                                                                                                                                                
398;380                                                                                                                                                                                                
399;381                                                                                                                                                                                                
400;382                                                                                                                                                                                                
401;383                                                                                                                                                                                                
402;384                                                                                                                                                                                                
403;385                                                                                                                                                                                                
404;386                                                                                                                                                                                                
405;387                                                                                                                                                                                                
406;388                                                                                                                                                                                                
407;389                                                                                                                                                                                                
408;390                                                                                                                                                                                                
409;391                                                                                                                                                                                                
410;392                                                                                                                                                                                                
411;393                                                                                                                                                                                                
412;394                                                                                                                                                                                                
413;395                                                                                                                                                                                                
414;396                                                                                                                                                                                                
415;397                                                                                                                                                                                                
416;398                                                                                                                                                                                                
417;399                                                                                                                                                                                                
418;400                                                                                                                                                                                                
419;401                                                                                                                                                                                                
420;402                                                                                                                                                                                                
421;403                                                                                                                                                                                                
422;404                                                                                                                                                                                                
423;405                                                                                                                                                                                                
424;406                                                                                                                                                                                                
425;407                                                                                                                                                                                                
426;408                                                                                                                                                                                                
427;409                                                                                                                                                                                                
428;410                                                                                                                                                                                                
429;411                                                                                                                                                                                                
430;412                                                                                                                                                                                                
431;413                                                                                                                                                                                                
432;414                                                                                                                                                                                                
433;415                                                                                                                                                                                                
434;416                                                                                                                                                                                                
435;417                                                                                                                                                                                                
436;418                                                                                                                                                                                                
437;419                                                                                                                                                                                                
438;420                                                                                                                                                                                                
440;421                                                                                                                                                                                                
441;422                                                                                                                                                                                                
442;423                                                                                                                                                                                                
444;424                                                                                                                                                                                                
445;425                                                                                                                                                                                                
446;426                                                                                                                                                                                                
447;427                                                                                                                                                                                                
448;428                                                                                                                                                                                                
449;429                                                                                                                                                                                                
450;430                                                                                                                                                                                                
451;431                                                                                                                                                                                                
452;432                                                                                                                                                                                                
453;433                                                                                                                                                                                                
454;434                                                                                                                                                                                                
455;435                                                                                                                                                                                                
456;436                                                                                                                                                                                                
458;437                                                                                                                                                                                                
459;438                                                                                                                                                                                                
460;439                                                                                                                                                                                                
461;440                                                                                                                                                                                                
462;441                                                                                                                                                                                                
463;442                                                                                                                                                                                                
464;443                                                                                                                                                                                                
465;444                                                                                                                                                                                                
466;445                                                                                                                                                                                                
467;446                                                                                                                                                                                                
468;447                                                                                                                                                                                                
470;448                                                                                                                                                                                                
471;449                                                                                                                                                                                                
472;450                                                                                                                                                                                                
473;451                                                                                                                                                                                                
474;452                                                                                                                                                                                                
475;453                                                                                                                                                                                                
476;454                                                                                                                                                                                                
477;455                                                                                                                                                                                                
478;456                                                                                                                                                                                                
479;457                                                                                                                                                                                                
480;458                                                                                                                                                                                                
481;459                                                                                                                                                                                                
482;460                                                                                                                                                                                                
483;461                                                                                                                                                                                                
484;462                                                                                                                                                                                                
485;463                                                                                                                                                                                                
486;464                                                                                                                                                                                                
487;465                                                                                                                                                                                                
488;466                                                                                                                                                                                                
489;467                                                                                                                                                                                                
490;468                                                                                                                                                                                                
491;469                                                                                                                                                                                                
492;470                                                                                                                                                                                                
493;471                                                                                                                                                                                                
494;472                                                                                                                                                                                                
495;473                                                                                                                                                                                                
496;474                                                                                                                                                                                                
497;475                                                                                                                                                                                                
498;476                                                                                                                                                                                                
499;477                                                                                                                                                                                                
500;478                                                                                                                                                                                                
668;479                                                                                                                                                                                                
